0.000000
0.962384
0.965311
0.963184
0.962608
0.960021
0.962891
0.960935
0.962427
0.957828
0.960814
0.961501
0.963912
0.963450
0.934943
0.962297
0.962409
0.963614
0.960681
0.958436
0.960159
0.961479
0.962741
0.956989
0.961587
0.961297
0.962963
0.963018
0.930691
0.961346
0.966061
0.962377
0.963238
0.957712
0.961277
0.959779
0.961446
0.958623
0.964319
0.961209
0.966962
0.960456
0.935989
0.961488
0.964249
0.962347
0.961135
0.960269
0.960498
0.960092
0.961933
0.960145
0.961064
0.963193
0.965495
0.962037
0.932711
0.962609
0.964911
0.961913
0.962487
0.959604
0.964903
0.958792
0.957810
0.958903
0.962647
0.959301
0.963911
0.961603
0.930927
0.964308
0.968458
0.962863
0.960092
0.962512
0.961933
0.963085
0.963140
0.960369
0.961867
0.961461
0.962786
0.963072
0.936469
0.961048
0.966182
0.959947
0.963696
0.957980
0.962480
0.960053
0.959185
0.956642
0.960277
0.962411
0.966162
0.966680
0.933587
0.960728
0.962920
0.961532
0.963205
0.959506
0.959792
0.962909
0.960538
0.956780
0.960303
0.963248
0.966193
0.962376
0.931858
0.960580
0.964104
0.961327
0.963117
0.961554
0.960742
0.957907
0.960507
0.959753
0.964377
0.960326
0.967149
0.961189
0.933827
0.963730
0.967025
0.961122
0.962046
0.960655
0.963777
0.960650
0.961227
0.957116
0.960644
0.960352
0.966659
0.963010
0.939447
0.964569
0.965146
0.963059
0.960220
0.959639
0.964443
0.959866
0.960500
0.958471
0.961307
0.961652
0.965647
0.962980
0.938065
0.961411
0.964596
0.961755
0.960130
0.958563
0.960067
0.958964
0.961338
0.958495
0.962029
0.961679
0.966373
0.962950
0.936043
0.961090
0.964509
0.959346
0.960329
0.959225
0.962123
0.959510
0.959218
0.960608
0.962636
0.961010
0.963444
0.961295
0.937558
0.963786
0.964016
0.962389
0.963374
0.958205
0.962324
0.958433
0.963888
0.956686
0.961445
0.963010
0.963647
0.963064
0.939772
0.960562
0.965555
0.963055
0.962066
